table1.A,table1.B,table1.C
922,158,5727
640,773,5058
775,85,10164
-551,811,1534
-952,311,1318
-354,646,7063
-497,335,4549
411,803,10519
-900,718,9020
858,731,3668
922,158,5727
-952,311,1318
length: 12
Invalid SQL Syntax
Invalid SQL Syntax
Column B not found in any of the tables
table1.A,table1.B,table1.C
922,158,5727
640,773,5058
775,85,10164
-551,811,1534
-952,311,1318
-354,646,7063
-497,335,4549
411,803,10519
-900,718,9020
858,731,3668
922,158,5727
-952,311,1318
length: 12
table1.A,table1.B
-497,335
922,158
-900,718
-551,811
-952,311
411,803
-354,646
775,85
858,731
640,773
length: 10
table1.A,table1.B,table1.C
-354,646,7063
640,773,5058
-900,718,9020
775,85,10164
-551,811,1534
-952,311,1318
411,803,10519
-497,335,4549
922,158,5727
858,731,3668
length: 10
table1.A,table1.B,table1.C
-354,646,7063
640,773,5058
-900,718,9020
775,85,10164
-551,811,1534
-952,311,1318
411,803,10519
-497,335,4549
922,158,5727
858,731,3668
length: 10
max(table2.D),max(table2.E)
811,16116
length: 1
Column table2.D not found
Column A not found in any of the tables
Column table3 not found in any of the tables
Column table2.C not found
Column table2.B not found
Column table2.B not found
table1.A,table1.B,table1.C,table2.D,table2.E
922,158,5727,335,6309
922,158,5727,731,13021
858,731,3668,773,14421
858,731,3668,718,10226
922,158,5727,718,10226
922,158,5727,773,14421
922,158,5727,158,11191
858,731,3668,335,6309
858,731,3668,731,13021
858,731,3668,803,12262
922,158,5727,803,12262
858,731,3668,158,11191
858,731,3668,85,5117
858,731,3668,311,16116
922,158,5727,85,5117
922,158,5727,311,16116
858,731,3668,646,5403
858,731,3668,811,13393
922,158,5727,646,5403
922,158,5727,811,13393
length: 20
table1.A,table1.B,table1.C,table2.D,table2.E
-551,811,1534,335,6309
-497,335,4549,85,5117
-551,811,1534,773,14421
-551,811,1534,718,10226
-497,335,4549,311,16116
-952,311,1318,803,12262
-551,811,1534,158,11191
-952,311,1318,773,14421
-952,311,1318,718,10226
922,158,5727,335,6309
922,158,5727,731,13021
640,773,5058,811,13393
-551,811,1534,803,12262
-952,311,1318,731,13021
858,731,3668,773,14421
858,731,3668,718,10226
640,773,5058,646,5403
922,158,5727,718,10226
922,158,5727,773,14421
922,158,5727,158,11191
858,731,3668,335,6309
858,731,3668,731,13021
-497,335,4549,646,5403
-551,811,1534,731,13021
-952,311,1318,85,5117
858,731,3668,803,12262
922,158,5727,803,12262
-952,311,1318,311,16116
-952,311,1318,158,11191
-497,335,4549,811,13393
640,773,5058,335,6309
640,773,5058,731,13021
-551,811,1534,85,5117
858,731,3668,158,11191
858,731,3668,85,5117
858,731,3668,311,16116
-551,811,1534,311,16116
640,773,5058,718,10226
640,773,5058,773,14421
-551,811,1534,646,5403
922,158,5727,85,5117
640,773,5058,803,12262
-497,335,4549,335,6309
922,158,5727,311,16116
-952,311,1318,811,13393
-497,335,4549,773,14421
-497,335,4549,718,10226
-952,311,1318,646,5403
-497,335,4549,731,13021
-551,811,1534,811,13393
640,773,5058,85,5117
858,731,3668,646,5403
640,773,5058,158,11191
-497,335,4549,803,12262
640,773,5058,311,16116
-497,335,4549,158,11191
922,158,5727,646,5403
858,731,3668,811,13393
-952,311,1318,335,6309
922,158,5727,811,13393
length: 60
table1.A,table1.C
922,5727
858,3668
length: 2
table1.A,table1.B,table1.C
-354,646,7063
640,773,5058
-900,718,9020
775,85,10164
-551,811,1534
-952,311,1318
411,803,10519
-497,335,4549
922,158,5727
858,731,3668
length: 10
Column table2.B not found
max(table1.A)
922
length: 1
Column B not found in any of the tables
avg(table1.C)
5472.083333333333
length: 1
sum(table2.D)
6302
length: 1
table1.A,table2.D
922,158
922,773
922,85
922,811
922,311
922,646
922,335
922,803
922,718
922,731
922,158
922,773
640,158
640,773
640,85
640,811
640,311
640,646
640,335
640,803
640,718
640,731
640,158
640,773
775,158
775,773
775,85
775,811
775,311
775,646
775,335
775,803
775,718
775,731
775,158
775,773
-551,158
-551,773
-551,85
-551,811
-551,311
-551,646
-551,335
-551,803
-551,718
-551,731
-551,158
-551,773
-952,158
-952,773
-952,85
-952,811
-952,311
-952,646
-952,335
-952,803
-952,718
-952,731
-952,158
-952,773
-354,158
-354,773
-354,85
-354,811
-354,311
-354,646
-354,335
-354,803
-354,718
-354,731
-354,158
-354,773
-497,158
-497,773
-497,85
-497,811
-497,311
-497,646
-497,335
-497,803
-497,718
-497,731
-497,158
-497,773
411,158
411,773
411,85
411,811
411,311
411,646
411,335
411,803
411,718
411,731
411,158
411,773
-900,158
-900,773
-900,85
-900,811
-900,311
-900,646
-900,335
-900,803
-900,718
-900,731
-900,158
-900,773
858,158
858,773
858,85
858,811
858,311
858,646
858,335
858,803
858,718
858,731
858,158
858,773
922,158
922,773
922,85
922,811
922,311
922,646
922,335
922,803
922,718
922,731
922,158
922,773
-952,158
-952,773
-952,85
-952,811
-952,311
-952,646
-952,335
-952,803
-952,718
-952,731
-952,158
-952,773
length: 144
table1.C
5727
10519
5058
7063
1534
4549
3668
9020
10164
1318
length: 10
table1.B,table1.C
718,9020
length: 1
table1.A,table1.B
775,85
411,803
length: 2
table1.A,table1.B,table1.C,table2.D,table2.E
922,158,5727,158,11191
922,158,5727,773,14421
922,158,5727,85,5117
922,158,5727,811,13393
922,158,5727,311,16116
922,158,5727,646,5403
922,158,5727,335,6309
922,158,5727,803,12262
922,158,5727,718,10226
922,158,5727,731,13021
922,158,5727,158,11191
922,158,5727,773,14421
640,773,5058,158,11191
640,773,5058,773,14421
640,773,5058,85,5117
640,773,5058,811,13393
640,773,5058,311,16116
640,773,5058,646,5403
640,773,5058,335,6309
640,773,5058,803,12262
640,773,5058,718,10226
640,773,5058,731,13021
640,773,5058,158,11191
640,773,5058,773,14421
775,85,10164,158,11191
775,85,10164,773,14421
775,85,10164,85,5117
775,85,10164,811,13393
775,85,10164,311,16116
775,85,10164,646,5403
775,85,10164,335,6309
775,85,10164,803,12262
775,85,10164,718,10226
775,85,10164,731,13021
775,85,10164,158,11191
775,85,10164,773,14421
-551,811,1534,158,11191
-551,811,1534,773,14421
-551,811,1534,85,5117
-551,811,1534,811,13393
-551,811,1534,311,16116
-551,811,1534,646,5403
-551,811,1534,335,6309
-551,811,1534,803,12262
-551,811,1534,718,10226
-551,811,1534,731,13021
-551,811,1534,158,11191
-551,811,1534,773,14421
-952,311,1318,158,11191
-952,311,1318,773,14421
-952,311,1318,85,5117
-952,311,1318,811,13393
-952,311,1318,311,16116
-952,311,1318,646,5403
-952,311,1318,335,6309
-952,311,1318,803,12262
-952,311,1318,718,10226
-952,311,1318,731,13021
-952,311,1318,158,11191
-952,311,1318,773,14421
-354,646,7063,158,11191
-354,646,7063,773,14421
-354,646,7063,85,5117
-354,646,7063,811,13393
-354,646,7063,311,16116
-354,646,7063,646,5403
-354,646,7063,335,6309
-354,646,7063,803,12262
-354,646,7063,718,10226
-354,646,7063,731,13021
-354,646,7063,158,11191
-354,646,7063,773,14421
-497,335,4549,158,11191
-497,335,4549,773,14421
-497,335,4549,85,5117
-497,335,4549,811,13393
-497,335,4549,311,16116
-497,335,4549,646,5403
-497,335,4549,335,6309
-497,335,4549,803,12262
-497,335,4549,718,10226
-497,335,4549,731,13021
-497,335,4549,158,11191
-497,335,4549,773,14421
411,803,10519,158,11191
411,803,10519,773,14421
411,803,10519,85,5117
411,803,10519,811,13393
411,803,10519,311,16116
411,803,10519,646,5403
411,803,10519,335,6309
411,803,10519,803,12262
411,803,10519,718,10226
411,803,10519,731,13021
411,803,10519,158,11191
411,803,10519,773,14421
-900,718,9020,158,11191
-900,718,9020,773,14421
-900,718,9020,85,5117
-900,718,9020,811,13393
-900,718,9020,311,16116
-900,718,9020,646,5403
-900,718,9020,335,6309
-900,718,9020,803,12262
-900,718,9020,718,10226
-900,718,9020,731,13021
-900,718,9020,158,11191
-900,718,9020,773,14421
858,731,3668,158,11191
858,731,3668,773,14421
858,731,3668,85,5117
858,731,3668,811,13393
858,731,3668,311,16116
858,731,3668,646,5403
858,731,3668,335,6309
858,731,3668,803,12262
858,731,3668,718,10226
858,731,3668,731,13021
858,731,3668,158,11191
858,731,3668,773,14421
922,158,5727,158,11191
922,158,5727,773,14421
922,158,5727,85,5117
922,158,5727,811,13393
922,158,5727,311,16116
922,158,5727,646,5403
922,158,5727,335,6309
922,158,5727,803,12262
922,158,5727,718,10226
922,158,5727,731,13021
922,158,5727,158,11191
922,158,5727,773,14421
-952,311,1318,158,11191
-952,311,1318,773,14421
-952,311,1318,85,5117
-952,311,1318,811,13393
-952,311,1318,311,16116
-952,311,1318,646,5403
-952,311,1318,335,6309
-952,311,1318,803,12262
-952,311,1318,718,10226
-952,311,1318,731,13021
-952,311,1318,158,11191
-952,311,1318,773,14421
length: 144
Column table2.B not found
Column table2.B not found
Column table2.B not found
Table not found in Database
Column Z not found in any of the tables
table1.B
158
773
85
811
311
646
335
803
718
731
158
311
158
773
85
811
311
646
335
803
718
731
158
311
158
773
85
811
311
646
335
803
718
731
158
311
158
773
85
811
311
646
335
803
718
731
158
311
158
773
85
811
311
646
335
803
718
731
158
311
158
773
85
811
311
646
335
803
718
731
158
311
158
773
85
811
311
646
335
803
718
731
158
311
158
773
85
811
311
646
335
803
718
731
158
311
158
773
85
811
311
646
335
803
718
731
158
311
158
773
85
811
311
646
335
803
718
731
158
311
158
773
85
811
311
646
335
803
718
731
158
311
158
773
85
811
311
646
335
803
718
731
158
311
length: 144
